IR receiver standby
rmt_item32_ size=     4
received=     0
datasize=     0
standing by to receive IR remote control signal...
NEC parser
rmt_rx_task() received items: 424
rmt_rx_task() done
IR receiver standby
rmt_item32_ size=     4
received=   424
datasize=  1696

String airconon = "{\"message\":{\"format\":\"raw\",\"freq\":38,\"data\":\
[cut and paste JSON data into ESP32_fauxmoESP_Basic_IR.ino
7770,3596,996,882,1004,2766,950,932,1020,2756,946,932,1002,2774,996,882\
,1060,2716,1000,880,1000,2784,1046,820,1010,2772,996,2780,992,886,1000,2774\
,1062,814,1010,2766,950,2830,1002,2770,1004,2772,1002,880,1006,874,1054,2720\
,1004,2766,1004,880,1006,872,1064,814,1006,874,1004,2774,1050,824,1006,872\
,1062,820,1060,2720,1054,2720,1000,2774,996,880,1006,874,1062,820,1062,816\
,1010,866,1064,2714,1054,822,1060,824,1054,820,1014,2762,1006,876,1116,756\
,1012,872,1006,872,1062,2714,1004,876,1054,822,1114,766,1060,2714,1006,872\
,1006,874,1060,822,1064,812,1006,874,1062,814,1066,814,1070,810,1064,814\
,1070,812,1064,816,1056,822,1064,812,1070,2706,1054,824,1064,814,1012,866\
,1066,814,1060,820,1064,816,1072,806,1070,810,1066,812,1072,806,1016,864\
,1014,2760,1062,822,1060,820,1066,806,1074,806,1070,810,1074,804,1072,810\
,1074,804,1070,814,1060,820,1012,2762,1004,874,1060,2716,1056,2716,1010,2764\
,1006,2772,1006,2766,1004,874,1066,812,1062,820,1066,812,1066,812,1070,812\
,1064,816,1062,0]},\"hostname\":\"IRKitD2A4\",\"deviceid\":\"XXXXXXXX\"}";
